ImmersivePortalsMod
2022/12/10 16:08:32: 0, 0, 0, 0, 0, 0, 0, 0, 1
2022/11/19 11:07:46: 1, 0, 0, 0, 0, 0, 0, 0, 0
2022/11/18 22:20:34: 0, 0, 0, 0, 0, 0, 0, 0, 2
2022/11/17 21:01:05: 0, 0, 0, 0, 0, 0, 0, 0, 1
2022/11/16 22:30:04: 0, 0, 1, 0, 0, 0, 0, 0, 0
2022/11/16 21:31:45: 0, 0, 0, 0, 0, 0, 0, 0, 1
2022/11/16 21:13:07: 2, 0, 0, 0, 0, 0, 0, 0, 1
2022/11/13 19:23:46: 1, 1, 0, 0, 0, 0, 0, 0, 1
2022/11/13 19:00:17: 0, 0, 0, 0, 0, 0, 0, 0, 1
2022/11/13 09:16:55: 0, 0, 0, 0, 0, 0, 0, 0, 1
2022/11/10 20:52:29: 0, 0, 0, 0, 0, 0, 0, 0, 1
2022/11/6 20:58:49: 0, 0, 0, 0, 0, 0, 0, 0, 1
2022/11/6 16:35:36: 0, 0, 0, 0, 0, 0, 0, 0, 1
2022/11/6 14:34:19: 1, 0, 0, 0, 0, 0, 0, 0, 0
2022/10/29 15:20:49: 0, 0, 0, 0, 0, 0, 0, 0, 1
2022/10/23 16:45:42: 0, 0, 2, 0, 0, 0, 0, 0, 0
2022/10/22 21:24:47: 3, 0, 1, 0, 0, 0, 0, 0, 0
2022/8/20 14:26:42: 0, 0, 0, 0, 0, 0, 1, 0, 0
2022/5/23 21:50:41: 0, 0, 1, 0, 0, 0, 0, 0, 0
2021/12/30 22:13:50: 1, 0, 0, 0, 0, 0, 0, 0, 0
sum: 9, 1, 5, 0, 0, 0, 1, 0, 13
