elasticsearch
2022/12/22 15:54:57: 0, 0, 0, 0, 0, 0, 1, 0, 0
2022/12/21 16:25:00: 0, 0, 1, 0, 0, 0, 0, 0, 0
2022/12/21 10:55:14: 1, 0, 0, 0, 0, 0, 0, 0, 0
2022/12/21 10:31:05: 1, 0, 0, 1, 0, 0, 0, 0, 0
2022/12/20 22:38:33: 2, 0, 0, 0, 0, 0, 0, 0, 0
2022/12/20 13:39:41: 0, 0, 0, 0, 0, 0, 0, 0, 1
2022/12/19 16:33:02: 0, 0, 1, 0, 0, 0, 0, 0, 0
2022/12/14 18:44:20: 0, 1, 0, 0, 0, 0, 0, 0, 0
2022/12/12 22:49:40: 0, 0, 0, 0, 0, 0, 1, 0, 0
2022/12/7 15:48:44: 0, 0, 0, 0, 0, 0, 0, 0, 2
2022/12/7 09:38:33: 0, 0, 1, 0, 0, 0, 0, 0, 0
2022/12/6 13:10:43: 0, 0, 0, 0, 0, 0, 0, 0, 1
2022/12/2 10:48:46: 1, 0, 0, 0, 0, 0, 0, 0, 0
2022/11/28 17:25:55: 0, 0, 0, 0, 0, 0, 0, 0, 2
2022/11/28 11:51:51: 0, 0, 0, 0, 0, 0, 0, 0, 2
2022/11/28 09:23:16: 0, 0, 2, 0, 0, 0, 0, 0, 0
2022/11/24 11:19:55: 0, 0, 0, 0, 0, 0, 0, 0, 1
2022/11/24 10:03:04: 0, 0, 0, 0, 0, 0, 0, 0, 2
2022/11/21 09:59:27: 0, 0, 0, 0, 0, 0, 0, 0, 1
2022/11/21 10:02:47: 0, 0, 0, 0, 0, 0, 0, 0, 1
2022/11/18 11:34:33: 0, 0, 0, 0, 0, 0, 0, 0, 2
2022/11/16 13:44:00: 3, 0, 0, 0, 0, 0, 0, 0, 0
2022/11/16 02:54:10: 3, 0, 0, 0, 0, 0, 0, 0, 0
2022/11/15 15:45:46: 1, 0, 0, 0, 0, 0, 0, 0, 0
2022/11/15 16:40:59: 0, 1, 0, 0, 0, 0, 0, 0, 5
2022/11/15 15:07:41: 2, 0, 0, 0, 0, 0, 0, 0, 1
2022/11/15 11:27:00: 0, 0, 0, 0, 0, 0, 0, 0, 2
2022/11/14 08:41:00: 1, 0, 0, 0, 0, 0, 0, 0, 0
2022/11/12 00:18:05: 2, 0, 0, 0, 0, 0, 2, 0, 0
2022/11/10 12:43:02: 0, 0, 0, 0, 0, 0, 0, 0, 1
2022/11/10 08:40:22: 2, 0, 1, 0, 0, 0, 0, 0, 0
2022/11/7 17:19:57: 0, 0, 1, 0, 0, 0, 0, 0, 0
2022/11/7 15:58:47: 0, 1, 0, 0, 0, 0, 0, 0, 0
2022/11/7 14:51:22: 0, 0, 1, 0, 0, 0, 0, 0, 0
2022/11/4 16:13:55: 0, 0, 0, 0, 0, 0, 0, 0, 1
2022/11/4 14:22:30: 0, 0, 0, 0, 0, 0, 0, 0, 1
2022/11/3 11:17:24: 1, 0, 0, 0, 0, 0, 0, 0, 0
2022/11/1 09:17:47: 0, 0, 0, 0, 0, 0, 0, 0, 1
2022/10/31 21:06:43: 0, 0, 0, 0, 0, 0, 0, 0, 1
2022/10/28 16:53:49: 0, 0, 0, 0, 0, 0, 0, 0, 2
2022/10/20 11:36:31: 0, 1, 0, 0, 0, 0, 0, 0, 0
2022/10/14 13:37:44: 1, 0, 0, 0, 0, 0, 0, 0, 0
2022/10/11 11:13:42: 0, 0, 1, 0, 0, 0, 0, 0, 0
2022/10/10 15:03:26: 0, 1, 0, 0, 0, 0, 0, 0, 0
2022/10/10 13:58:24: 0, 1, 0, 0, 0, 0, 0, 0, 0
2022/10/10 11:24:15: 0, 0, 0, 0, 0, 0, 0, 0, 2
2022/10/6 13:33:57: 0, 0, 0, 0, 0, 0, 0, 0, 1
2022/10/6 19:53:15: 0, 0, 0, 0, 0, 0, 0, 0, 1
2022/10/5 17:59:27: 0, 0, 0, 0, 0, 0, 0, 0, 1
2022/10/5 14:06:48: 0, 0, 0, 0, 0, 0, 0, 0, 1
2022/10/5 00:06:15: 0, 0, 0, 0, 0, 0, 0, 0, 1
2022/10/4 12:17:30: 0, 0, 0, 0, 0, 0, 0, 0, 1
2022/10/4 11:31:57: 0, 0, 0, 0, 0, 0, 0, 0, 1
2022/10/4 11:23:02: 0, 0, 1, 0, 0, 0, 0, 0, 1
2022/9/30 15:21:09: 0, 0, 0, 0, 0, 0, 0, 0, 1
2022/9/29 12:18:27: 0, 0, 0, 0, 0, 0, 0, 0, 2
2022/9/28 16:13:31: 0, 0, 1, 0, 0, 0, 0, 0, 0
2022/9/27 14:27:48: 0, 0, 0, 0, 0, 0, 0, 0, 1
2022/9/27 14:16:03: 1, 0, 0, 0, 0, 0, 0, 0, 0
2022/9/26 11:18:50: 0, 0, 0, 0, 0, 0, 0, 0, 1
2022/9/23 13:59:38: 0, 0, 0, 0, 0, 0, 0, 0, 1
2022/9/23 13:56:52: 0, 1, 0, 0, 0, 0, 0, 0, 0
2022/9/23 13:07:37: 0, 0, 0, 0, 0, 0, 0, 0, 1
2022/9/22 15:33:13: 0, 0, 0, 0, 0, 0, 0, 0, 1
2022/9/21 09:29:30: 0, 0, 0, 0, 0, 0, 0, 0, 1
2022/9/21 11:48:25: 0, 0, 0, 0, 0, 0, 0, 0, 1
2022/9/20 16:39:21: 0, 0, 0, 0, 0, 0, 0, 0, 3
2022/9/20 14:58:24: 0, 0, 1, 0, 0, 0, 0, 0, 0
2022/9/20 10:34:25: 1, 0, 1, 0, 0, 0, 0, 0, 2
2022/9/20 08:59:05: 1, 0, 0, 0, 0, 0, 0, 0, 0
2022/9/19 14:59:18: 0, 0, 0, 0, 0, 0, 0, 0, 1
2022/9/19 13:26:06: 0, 3, 0, 0, 0, 0, 0, 0, 0
2022/9/19 09:05:44: 0, 1, 0, 0, 0, 0, 0, 0, 0
2022/9/14 14:12:41: 0, 0, 0, 0, 0, 0, 0, 0, 1
2022/9/14 15:32:17: 0, 0, 0, 0, 0, 0, 0, 0, 1
2022/9/13 08:32:55: 0, 0, 0, 0, 0, 0, 0, 0, 1
2022/9/13 13:34:08: 0, 0, 2, 0, 0, 0, 0, 0, 0
2022/9/13 09:05:08: 2, 0, 0, 0, 0, 0, 0, 0, 0
2022/9/8 13:06:18: 1, 0, 0, 0, 0, 0, 0, 0, 0
2022/9/7 18:03:22: 1, 0, 0, 0, 0, 0, 0, 0, 0
2022/9/6 18:17:36: 0, 0, 0, 0, 0, 0, 0, 0, 3
2022/9/5 21:24:10: 0, 0, 0, 0, 0, 0, 0, 0, 1
2022/8/31 12:19:54: 0, 0, 1, 0, 0, 0, 0, 0, 0
2022/8/23 15:45:40: 1, 0, 0, 0, 0, 0, 0, 0, 0
2022/8/18 14:09:09: 0, 0, 0, 0, 0, 0, 1, 0, 10
2022/8/18 12:07:04: 0, 0, 0, 0, 0, 0, 1, 0, 0
2022/8/16 17:18:18: 0, 0, 0, 0, 0, 0, 0, 0, 1
2022/8/15 10:50:15: 0, 0, 0, 0, 0, 0, 0, 0, 5
2022/8/13 10:33:15: 0, 0, 1, 0, 0, 0, 0, 0, 3
2022/8/12 13:01:43: 0, 0, 0, 0, 0, 0, 0, 0, 1
2022/8/12 10:06:23: 0, 1, 0, 0, 0, 0, 0, 0, 0
2022/8/12 16:17:49: 1, 0, 1, 0, 0, 0, 0, 0, 0
2022/8/10 11:21:38: 1, 0, 1, 0, 0, 0, 0, 0, 0
2022/8/9 16:40:38: 0, 0, 0, 0, 0, 0, 0, 0, 1
2022/8/9 11:08:13: 0, 0, 0, 0, 0, 0, 0, 0, 1
2022/8/8 19:03:30: 0, 0, 1, 0, 0, 0, 0, 0, 0
2022/8/8 11:14:26: 2, 0, 0, 0, 0, 0, 0, 0, 0
2022/8/8 08:29:09: 0, 0, 1, 0, 0, 0, 0, 0, 0
2022/8/3 17:09:26: 1, 0, 0, 0, 0, 0, 0, 0, 3
2022/8/3 14:13:31: 1, 0, 0, 0, 0, 0, 0, 0, 0
2022/8/3 12:48:19: 0, 0, 0, 0, 0, 0, 0, 0, 1
2022/8/3 11:10:26: 1, 0, 0, 0, 0, 0, 0, 0, 1
2022/8/1 08:05:22: 2, 0, 0, 0, 0, 0, 0, 0, 0
2022/8/1 12:53:03: 0, 0, 1, 0, 0, 0, 0, 0, 1
2022/7/29 14:30:04: 0, 0, 0, 0, 0, 0, 0, 0, 1
2022/7/29 18:30:46: 0, 0, 1, 0, 0, 0, 0, 0, 1
2022/7/29 11:14:51: 0, 0, 1, 0, 0, 0, 0, 0, 0
2022/7/28 17:21:07: 0, 0, 0, 0, 0, 0, 0, 0, 1
2022/7/28 08:00:49: 0, 0, 0, 0, 0, 0, 0, 0, 1
2022/7/28 09:14:12: 0, 3, 0, 0, 0, 0, 0, 0, 0
2022/7/27 10:26:35: 0, 0, 0, 0, 0, 0, 0, 0, 1
2022/7/26 17:53:43: 0, 0, 0, 0, 0, 0, 0, 0, 2
2022/7/26 17:46:39: 0, 0, 0, 0, 0, 0, 0, 0, 1
2022/7/26 14:47:50: 1, 0, 0, 0, 0, 0, 0, 0, 0
2022/7/25 17:58:24: 1, 0, 0, 0, 0, 0, 0, 0, 0
2022/7/25 12:29:06: 0, 0, 0, 0, 1, 0, 0, 0, 1
2022/7/25 15:31:58: 0, 0, 1, 0, 0, 0, 0, 0, 1
2022/7/25 07:36:26: 2, 0, 0, 0, 0, 0, 2, 0, 0
2022/7/25 10:35:16: 2, 0, 0, 0, 0, 0, 0, 0, 1
2022/7/22 14:45:47: 0, 0, 1, 0, 0, 0, 0, 0, 3
2022/7/22 18:39:07: 0, 0, 0, 0, 0, 0, 0, 0, 1
2022/7/22 15:20:15: 0, 1, 0, 0, 0, 0, 0, 0, 0
2022/7/22 11:26:43: 0, 0, 1, 0, 0, 0, 0, 0, 0
2022/7/21 16:47:29: 0, 0, 0, 0, 0, 0, 0, 0, 1
2022/7/18 15:11:42: 0, 0, 0, 0, 0, 0, 0, 0, 1
2022/7/14 21:31:58: 5, 0, 0, 0, 0, 0, 0, 0, 0
2022/7/14 10:58:36: 0, 0, 1, 0, 0, 0, 0, 0, 0
2022/7/13 14:58:56: 0, 0, 1, 0, 0, 0, 0, 0, 0
2022/7/13 15:05:39: 4, 0, 0, 0, 0, 0, 0, 0, 0
2022/7/12 16:15:59: 0, 0, 0, 0, 0, 0, 0, 0, 1
2022/7/12 16:52:32: 0, 0, 0, 0, 0, 0, 0, 0, 1
2022/7/12 15:34:45: 0, 0, 0, 0, 0, 0, 0, 0, 1
2022/7/7 18:00:19: 1, 0, 0, 0, 0, 0, 0, 0, 0
2022/7/7 11:46:02: 1, 0, 0, 0, 0, 0, 0, 0, 0
2022/7/6 11:13:12: 0, 0, 0, 0, 0, 0, 0, 0, 1
2022/6/29 18:30:35: 4, 0, 0, 0, 0, 0, 0, 0, 0
2022/6/29 10:30:43: 0, 0, 0, 0, 0, 0, 0, 0, 2
2022/6/29 12:00:48: 0, 0, 2, 0, 0, 0, 0, 0, 0
2022/6/28 10:11:39: 0, 0, 0, 0, 0, 0, 1, 0, 0
2022/6/28 10:46:03: 1, 0, 0, 0, 0, 0, 0, 0, 0
2022/6/28 08:38:21: 1, 0, 0, 0, 0, 0, 0, 0, 0
2022/6/27 09:51:13: 1, 0, 0, 0, 0, 0, 0, 0, 0
2022/6/27 10:29:42: 1, 0, 0, 0, 0, 0, 0, 0, 0
2022/6/24 14:19:46: 0, 0, 1, 0, 0, 0, 1, 0, 0
2022/6/23 17:38:06: 0, 0, 0, 0, 1, 0, 0, 0, 0
2022/6/22 13:32:19: 0, 0, 0, 0, 0, 0, 0, 0, 1
2022/6/22 15:18:26: 0, 0, 0, 0, 0, 0, 0, 0, 1
2022/6/21 21:47:02: 0, 0, 0, 0, 0, 0, 0, 0, 1
2022/6/21 15:12:21: 2, 0, 0, 0, 0, 0, 0, 0, 0
2022/6/21 10:30:30: 0, 0, 0, 0, 0, 0, 0, 0, 1
2022/6/21 10:25:17: 0, 0, 0, 0, 0, 0, 0, 0, 5
2022/6/21 10:35:47: 0, 0, 1, 0, 0, 0, 0, 0, 0
2022/6/20 13:48:55: 0, 1, 0, 0, 0, 0, 0, 0, 2
2022/6/17 08:02:21: 0, 0, 0, 0, 0, 0, 0, 0, 1
2022/6/17 14:34:06: 0, 1, 0, 0, 0, 0, 0, 0, 0
2022/6/16 11:08:05: 1, 0, 0, 0, 0, 0, 0, 0, 0
2022/6/15 10:45:41: 1, 0, 0, 0, 0, 0, 0, 0, 0
2022/6/14 08:26:19: 0, 0, 0, 0, 0, 0, 0, 0, 1
2022/6/13 17:23:53: 0, 0, 0, 0, 0, 0, 0, 0, 1
2022/6/13 09:57:33: 0, 0, 0, 0, 0, 0, 0, 0, 1
2022/6/9 09:15:07: 0, 0, 0, 0, 0, 0, 0, 0, 1
2022/6/8 08:45:36: 1, 0, 1, 0, 0, 0, 0, 0, 0
2022/6/7 13:58:14: 0, 0, 1, 0, 0, 0, 0, 0, 0
2022/6/6 08:34:25: 0, 0, 0, 0, 0, 0, 1, 0, 4
2022/6/3 18:38:28: 0, 0, 1, 0, 0, 0, 0, 0, 0
2022/6/3 11:36:34: 0, 0, 0, 0, 0, 0, 0, 0, 1
2022/6/2 16:05:18: 1, 0, 0, 0, 0, 0, 0, 0, 0
2022/5/26 12:35:24: 0, 0, 0, 0, 0, 0, 0, 0, 1
2022/5/25 14:18:31: 0, 1, 0, 0, 0, 0, 0, 0, 2
2022/5/24 17:29:14: 3, 0, 0, 0, 0, 0, 0, 0, 0
2022/5/24 16:16:42: 0, 0, 0, 0, 0, 0, 0, 0, 1
2022/5/24 18:41:20: 0, 0, 1, 0, 0, 1, 0, 0, 1
2022/5/24 08:38:26: 0, 0, 2, 0, 0, 0, 1, 0, 1
2022/5/24 10:27:15: 0, 0, 0, 0, 0, 0, 0, 0, 2
2022/5/23 17:57:02: 0, 1, 0, 0, 0, 0, 0, 0, 0
2022/5/23 13:12:05: 0, 0, 0, 0, 0, 0, 0, 0, 1
2022/5/20 15:46:14: 1, 0, 0, 0, 0, 0, 0, 0, 1
2022/5/20 17:14:17: 0, 0, 0, 0, 0, 0, 0, 0, 1
2022/5/20 13:37:34: 1, 0, 0, 0, 0, 0, 0, 0, 0
2022/5/20 13:56:53: 0, 0, 0, 0, 0, 0, 0, 0, 1
2022/5/20 07:23:44: 0, 0, 0, 0, 0, 0, 0, 0, 1
2022/5/20 13:11:42: 0, 0, 1, 0, 0, 0, 0, 0, 1
2022/5/20 11:47:32: 0, 0, 1, 0, 0, 0, 0, 0, 0
2022/5/20 10:17:25: 0, 0, 1, 0, 0, 0, 0, 0, 0
2022/5/20 13:04:17: 0, 0, 0, 0, 0, 0, 0, 0, 1
2022/5/19 16:26:40: 2, 0, 0, 0, 0, 0, 0, 0, 1
2022/5/17 11:23:04: 1, 0, 0, 0, 0, 0, 0, 0, 0
2022/5/12 14:49:43: 1, 0, 0, 0, 0, 0, 0, 0, 0
2022/5/12 11:32:07: 1, 0, 0, 0, 0, 0, 0, 0, 0
2022/5/12 01:09:11: 0, 0, 0, 0, 0, 0, 0, 0, 2
2022/5/11 14:49:27: 0, 0, 0, 0, 0, 0, 0, 0, 1
2022/5/10 17:41:00: 0, 0, 0, 0, 0, 0, 0, 0, 1
2022/5/10 07:46:58: 0, 0, 2, 0, 0, 0, 0, 0, 0
2022/5/10 09:20:15: 1, 0, 0, 0, 0, 0, 0, 0, 0
2022/5/9 16:22:14: 0, 0, 1, 0, 0, 0, 0, 0, 0
2022/5/9 09:57:20: 0, 0, 0, 0, 0, 0, 0, 0, 2
2022/5/6 10:32:24: 2, 0, 0, 0, 0, 0, 0, 0, 0
2022/5/6 09:54:34: 0, 0, 3, 0, 0, 0, 0, 0, 2
2022/5/5 12:03:53: 1, 0, 0, 0, 0, 0, 0, 0, 2
2022/5/4 13:15:13: 4, 0, 0, 0, 0, 0, 0, 0, 2
2022/5/4 09:02:36: 0, 0, 1, 0, 0, 0, 0, 0, 0
2022/5/3 16:07:42: 0, 1, 0, 0, 0, 0, 0, 0, 0
2022/5/3 14:03:05: 4, 0, 0, 0, 0, 0, 0, 0, 0
2022/5/1 12:23:46: 0, 0, 1, 0, 0, 0, 0, 0, 0
2022/4/29 16:49:51: 2, 0, 1, 0, 0, 0, 0, 0, 2
2022/4/29 13:47:30: 1, 0, 0, 0, 0, 0, 0, 0, 0
2022/4/29 08:42:46: 0, 0, 0, 0, 0, 0, 0, 0, 1
2022/4/26 13:45:11: 0, 0, 1, 0, 0, 0, 0, 0, 0
2022/4/25 09:53:10: 0, 0, 2, 0, 0, 0, 0, 0, 0
2022/4/20 08:57:02: 0, 0, 2, 0, 0, 0, 0, 0, 0
2022/4/20 15:08:27: 0, 0, 1, 0, 0, 0, 0, 0, 1
2022/4/19 14:55:02: 1, 0, 0, 0, 0, 0, 0, 0, 0
2022/4/14 08:50:38: 0, 0, 0, 0, 0, 0, 0, 0, 4
2022/4/14 08:47:34: 0, 0, 0, 0, 0, 0, 0, 0, 5
2022/4/13 13:24:20: 0, 0, 0, 0, 0, 2, 0, 0, 1
2022/4/12 17:59:01: 0, 0, 2, 0, 0, 0, 0, 0, 0
2022/4/11 15:45:55: 0, 0, 0, 0, 0, 0, 0, 0, 1
2022/4/11 17:33:19: 0, 0, 0, 0, 0, 0, 0, 0, 2
2022/4/4 11:31:36: 1, 0, 0, 0, 0, 0, 0, 0, 1
2022/4/1 10:33:23: 2, 0, 0, 0, 0, 0, 0, 0, 0
2022/3/30 00:21:56: 0, 0, 0, 0, 0, 0, 0, 0, 4
2022/3/29 09:42:50: 0, 0, 1, 0, 0, 0, 0, 0, 0
2022/3/28 18:14:23: 0, 0, 0, 0, 0, 0, 0, 0, 1
2022/3/28 12:55:16: 0, 0, 0, 0, 0, 0, 0, 0, 1
2022/3/24 12:01:02: 1, 0, 0, 0, 0, 0, 0, 0, 1
2022/3/24 08:30:19: 0, 1, 0, 0, 0, 0, 0, 0, 0
2022/3/23 20:19:57: 0, 0, 0, 0, 0, 0, 0, 0, 1
2022/3/22 09:16:35: 0, 0, 1, 0, 0, 0, 0, 0, 0
2022/3/18 13:00:55: 1, 0, 1, 0, 0, 0, 0, 0, 1
2022/3/15 13:35:39: 1, 0, 0, 0, 0, 0, 0, 0, 0
2022/3/15 12:05:46: 0, 0, 0, 0, 0, 0, 0, 0, 2
2022/3/15 11:37:47: 0, 0, 0, 0, 0, 0, 0, 0, 1
2022/3/14 12:25:48: 2, 0, 1, 0, 0, 0, 0, 0, 0
2022/3/14 13:20:48: 0, 0, 0, 0, 0, 0, 0, 0, 3
2022/3/14 11:23:03: 0, 0, 1, 0, 0, 0, 0, 0, 0
2022/3/14 11:15:27: 0, 2, 0, 0, 0, 0, 0, 0, 0
2022/3/14 08:55:48: 0, 0, 0, 0, 0, 0, 0, 0, 3
2022/3/9 18:13:23: 0, 0, 1, 0, 0, 0, 0, 0, 0
2022/3/9 14:54:53: 2, 0, 0, 0, 0, 0, 0, 0, 0
2022/3/8 09:57:44: 0, 0, 2, 0, 0, 0, 0, 0, 0
2022/3/8 11:06:36: 0, 0, 1, 0, 0, 0, 0, 0, 3
2022/3/7 09:31:33: 2, 0, 0, 0, 0, 0, 0, 0, 0
2022/3/4 09:38:30: 0, 0, 0, 0, 0, 0, 0, 0, 1
2022/3/4 07:00:58: 2, 0, 0, 0, 0, 0, 0, 0, 0
2022/3/3 18:39:22: 0, 0, 0, 0, 0, 0, 0, 0, 1
2022/3/1 08:29:12: 0, 0, 0, 0, 0, 0, 0, 0, 2
2022/3/1 10:47:32: 0, 0, 0, 0, 0, 0, 1, 0, 0
2022/2/28 18:58:41: 2, 0, 0, 0, 0, 0, 0, 0, 1
2022/2/28 15:40:09: 0, 0, 1, 0, 0, 0, 3, 0, 0
2022/2/24 11:47:28: 0, 0, 0, 0, 0, 0, 0, 0, 1
2022/2/24 10:34:21: 0, 0, 0, 0, 0, 0, 0, 0, 5
2022/2/23 16:13:31: 0, 0, 2, 0, 0, 0, 0, 0, 0
2022/2/22 21:36:19: 2, 0, 0, 0, 0, 0, 0, 0, 0
2022/2/22 16:39:36: 0, 0, 0, 0, 0, 0, 0, 0, 3
2022/2/21 01:54:39: 1, 0, 3, 0, 0, 0, 0, 0, 0
2022/2/17 10:19:47: 0, 0, 1, 0, 0, 0, 0, 0, 0
2022/2/16 11:42:41: 0, 0, 0, 0, 0, 0, 0, 0, 1
2022/2/15 07:06:47: 0, 6, 1, 0, 0, 0, 0, 0, 0
2022/2/14 14:57:01: 2, 0, 0, 0, 0, 0, 0, 0, 1
2022/2/11 19:38:05: 0, 1, 0, 0, 0, 0, 0, 0, 1
2022/2/11 09:46:55: 0, 1, 0, 0, 0, 0, 0, 0, 0
2022/2/11 10:10:14: 2, 0, 0, 0, 0, 0, 1, 0, 0
2022/2/11 08:19:48: 0, 0, 0, 0, 0, 0, 0, 0, 1
2022/2/11 17:23:48: 0, 0, 0, 0, 0, 0, 0, 0, 6
2022/2/10 16:57:34: 0, 0, 0, 0, 0, 0, 0, 0, 1
2022/2/10 12:30:32: 0, 0, 1, 0, 0, 0, 0, 0, 0
2022/2/10 17:34:13: 0, 0, 0, 0, 0, 0, 0, 0, 1
2022/2/10 09:07:58: 0, 0, 0, 0, 0, 0, 0, 0, 2
2022/2/10 14:23:17: 0, 0, 0, 0, 0, 0, 0, 0, 1
2022/2/10 12:40:41: 0, 0, 2, 0, 0, 0, 0, 0, 2
2022/2/9 09:00:53: 1, 0, 0, 0, 0, 0, 0, 0, 0
2022/2/9 12:42:43: 0, 0, 0, 0, 0, 0, 0, 0, 1
2022/2/8 21:04:04: 0, 0, 0, 0, 0, 0, 0, 0, 1
2022/2/4 23:19:52: 1, 0, 0, 0, 0, 0, 0, 0, 0
2022/2/4 12:27:06: 0, 1, 0, 0, 0, 0, 0, 0, 0
2022/2/3 13:45:22: 0, 0, 0, 0, 0, 0, 0, 0, 1
2022/2/3 13:19:28: 0, 0, 0, 0, 0, 0, 0, 0, 1
2022/2/3 09:17:28: 0, 0, 2, 0, 0, 0, 0, 0, 0
2022/2/2 15:07:48: 0, 0, 0, 0, 0, 0, 0, 0, 1
2022/2/2 16:07:03: 2, 0, 0, 0, 0, 0, 0, 0, 0
2022/2/1 17:54:57: 3, 0, 0, 0, 0, 0, 0, 0, 0
2022/2/1 10:50:22: 0, 0, 1, 0, 0, 0, 0, 0, 0
2022/1/31 10:54:10: 0, 1, 0, 0, 0, 0, 0, 0, 0
2022/1/27 16:18:20: 0, 0, 1, 0, 0, 0, 0, 0, 1
2022/1/26 12:07:22: 0, 0, 0, 0, 0, 0, 0, 0, 1
2022/1/25 11:47:26: 0, 0, 0, 0, 0, 0, 0, 0, 1
2022/1/25 11:00:37: 0, 0, 1, 0, 0, 0, 0, 0, 0
2022/1/25 00:31:15: 0, 51, 0, 0, 0, 0, 0, 0, 0
2022/1/24 12:50:42: 0, 0, 0, 0, 0, 0, 0, 0, 1
2022/1/20 12:45:34: 1, 0, 0, 0, 0, 0, 0, 0, 0
2022/1/20 11:04:01: 0, 0, 0, 0, 0, 0, 2, 0, 5
2022/1/18 17:53:06: 0, 107, 0, 0, 0, 0, 0, 0, 0
2022/1/18 09:45:25: 0, 0, 0, 0, 0, 0, 0, 0, 5
2022/1/17 11:22:58: 0, 0, 0, 0, 0, 0, 0, 0, 1
2022/1/16 16:04:35: 1, 0, 1, 0, 0, 0, 0, 0, 0
2021/12/23 18:21:07: 0, 0, 0, 0, 0, 0, 0, 0, 5
2021/12/23 11:12:00: 9, 0, 0, 0, 0, 0, 0, 0, 0
2021/12/15 09:47:39: 2, 1, 0, 0, 0, 0, 0, 0, 0
sum: 138, 193, 85, 1, 2, 3, 19, 0, 258
