signal-cli
2022/11/24 11:29:45: 0, 0, 0, 0, 0, 0, 0, 0, 1
2022/11/1 17:47:43: 1, 0, 0, 0, 0, 0, 0, 0, 0
2022/11/1 17:10:15: 3, 0, 0, 0, 0, 0, 3, 0, 0
2022/10/31 11:56:25: 0, 0, 1, 0, 0, 0, 0, 0, 0
2022/10/30 18:18:21: 0, 0, 1, 0, 0, 0, 0, 0, 1
2022/10/30 11:00:25: 1, 0, 0, 0, 0, 0, 0, 0, 0
2022/10/28 18:13:25: 0, 0, 0, 0, 0, 0, 0, 0, 1
2022/10/22 17:43:02: 0, 0, 0, 0, 0, 0, 0, 0, 3
2022/10/22 13:36:12: 0, 0, 0, 0, 0, 0, 0, 0, 1
2022/10/16 19:17:43: 3, 0, 0, 0, 0, 0, 1, 0, 1
2022/10/21 16:22:09: 0, 0, 0, 0, 0, 0, 0, 0, 3
2022/10/19 19:09:23: 0, 0, 0, 0, 0, 0, 0, 0, 1
2022/10/8 14:06:36: 0, 0, 1, 0, 0, 0, 0, 0, 0
2022/10/8 12:40:00: 1, 0, 0, 0, 0, 0, 0, 0, 16
2022/9/17 09:54:34: 0, 0, 0, 0, 0, 0, 0, 0, 7
2022/8/23 17:19:38: 0, 0, 3, 0, 0, 0, 0, 0, 5
2022/6/9 16:54:48: 0, 0, 0, 0, 0, 0, 0, 0, 1
2022/6/8 23:29:30: 5, 0, 0, 0, 0, 0, 5, 0, 0
2022/6/7 15:09:10: 3, 0, 0, 0, 0, 0, 2, 0, 0
2022/5/22 21:47:40: 4, 0, 1, 0, 0, 0, 4, 0, 0
2022/8/8 18:12:30: 6, 0, 4, 0, 0, 0, 0, 0, 7
2022/8/2 23:20:26: 0, 0, 0, 0, 0, 0, 0, 0, 1
2022/7/24 10:01:22: 0, 0, 0, 0, 0, 0, 0, 0, 2
2022/6/18 12:11:36: 0, 0, 0, 0, 0, 0, 0, 0, 2
2022/6/11 22:45:51: 0, 0, 0, 0, 0, 0, 0, 0, 2
2022/6/4 11:11:35: 1, 0, 0, 0, 0, 0, 0, 0, 0
2022/5/26 18:00:23: 0, 0, 0, 0, 0, 0, 0, 0, 1
2022/5/26 17:53:14: 1, 0, 0, 0, 0, 0, 0, 0, 0
2022/5/26 12:23:21: 0, 0, 0, 0, 0, 0, 0, 0, 1
2022/5/25 22:31:15: 1, 0, 1, 0, 0, 0, 0, 0, 2
2022/5/24 21:08:52: 0, 0, 0, 0, 0, 0, 0, 0, 3
2022/5/21 10:08:40: 0, 0, 0, 0, 0, 0, 0, 0, 5
2022/5/20 11:46:03: 0, 0, 1, 0, 0, 0, 0, 0, 1
2022/5/18 19:12:20: 0, 0, 0, 0, 0, 0, 0, 0, 3
2022/5/17 20:39:06: 1, 0, 0, 0, 0, 0, 0, 0, 0
2022/5/17 20:09:26: 0, 0, 0, 0, 0, 0, 0, 0, 3
2022/5/14 15:08:19: 0, 0, 0, 0, 0, 0, 0, 0, 4
2022/4/9 19:01:37: 0, 0, 0, 0, 0, 0, 0, 0, 2
2022/4/6 22:35:51: 0, 0, 0, 0, 0, 0, 0, 0, 2
2022/3/17 23:24:30: 0, 0, 0, 0, 0, 0, 0, 0, 15
2022/3/16 21:04:14: 0, 0, 0, 0, 0, 0, 1, 0, 7
2022/3/16 19:37:58: 0, 0, 0, 0, 0, 0, 0, 0, 1
2022/2/20 12:22:37: 0, 0, 0, 0, 0, 0, 0, 0, 1
2022/2/13 20:07:08: 0, 0, 0, 0, 0, 0, 0, 0, 2
2022/2/6 17:21:39: 2, 0, 0, 0, 0, 0, 0, 0, 1
2022/1/29 15:02:30: 0, 0, 0, 0, 0, 0, 0, 0, 1
2022/1/23 20:50:23: 2, 0, 0, 0, 0, 0, 0, 0, 0
2022/1/27 20:03:43: 0, 0, 0, 0, 0, 0, 0, 0, 1
2022/1/26 21:55:23: 0, 0, 0, 0, 0, 0, 0, 0, 1
2022/1/22 16:41:00: 0, 0, 0, 0, 0, 0, 0, 0, 1
2022/1/3 18:50:27: 0, 0, 0, 0, 0, 0, 0, 0, 3
2022/1/3 17:51:04: 0, 0, 0, 0, 0, 0, 0, 0, 4
2022/1/3 16:11:03: 4, 0, 0, 0, 0, 0, 0, 0, 2
2022/1/3 13:24:13: 0, 0, 1, 0, 0, 0, 0, 0, 1
2021/12/31 16:14:22: 0, 0, 0, 0, 0, 0, 0, 0, 2
2021/12/30 17:15:40: 0, 0, 0, 0, 0, 0, 0, 0, 2
2021/12/22 12:47:42: 0, 0, 0, 0, 0, 0, 0, 0, 1
2021/12/20 14:02:40: 0, 0, 0, 0, 0, 0, 0, 0, 2
2021/12/20 12:26:03: 0, 0, 0, 0, 0, 0, 0, 0, 2
2021/12/11 12:44:11: 0, 0, 0, 0, 0, 0, 0, 0, 13
2021/12/10 20:21:14: 0, 0, 0, 0, 0, 0, 0, 0, 2
2021/12/7 00:02:24: 0, 0, 0, 0, 0, 1, 0, 0, 0
2021/12/6 18:55:37: 0, 1, 0, 0, 0, 0, 0, 0, 6
2021/12/5 10:25:46: 0, 0, 0, 0, 0, 0, 0, 0, 3
2021/11/23 02:14:01: 1, 0, 1, 0, 0, 0, 0, 0, 3
2021/11/21 19:18:17: 0, 0, 1, 0, 0, 0, 0, 0, 1
2021/11/13 22:54:59: 0, 0, 1, 0, 0, 0, 0, 0, 1
2021/11/11 18:27:16: 3, 0, 0, 0, 0, 0, 0, 0, 0
2021/11/11 15:49:23: 0, 0, 3, 0, 0, 0, 0, 0, 0
2021/11/11 13:29:32: 0, 0, 0, 0, 0, 0, 0, 0, 1
2021/11/10 20:12:40: 1, 0, 0, 0, 0, 0, 0, 0, 0
2021/11/10 19:21:51: 0, 0, 1, 0, 0, 0, 0, 0, 1
2021/11/10 14:43:03: 0, 0, 0, 0, 0, 0, 0, 0, 1
2021/11/10 14:14:19: 1, 0, 0, 0, 0, 0, 0, 0, 0
2021/11/10 10:30:57: 0, 0, 1, 0, 0, 0, 0, 0, 0
2021/11/7 10:38:26: 1, 0, 0, 0, 0, 0, 0, 0, 0
2021/11/6 23:00:41: 0, 0, 0, 0, 0, 0, 0, 0, 3
2021/11/6 21:09:06: 0, 0, 0, 0, 0, 0, 0, 0, 15
2021/11/6 13:29:26: 2, 0, 0, 0, 0, 0, 0, 0, 7
2021/11/3 20:43:39: 34, 0, 5, 0, 0, 0, 0, 0, 22
2021/10/31 21:24:25: 0, 4, 0, 0, 0, 0, 0, 0, 0
2021/10/31 19:35:00: 0, 0, 0, 0, 0, 0, 0, 0, 1
2021/10/31 19:15:52: 1, 0, 0, 0, 0, 0, 0, 0, 0
2021/10/30 12:53:33: 0, 0, 0, 0, 0, 0, 0, 0, 1
2021/10/24 22:26:12: 0, 58, 0, 0, 0, 0, 0, 0, 0
sum: 83, 63, 27, 0, 0, 1, 16, 0, 213
