sirix
2022/11/21 19:52:31: 0, 0, 0, 0, 0, 0, 0, 0, 1
2022/11/19 14:28:18: 0, 0, 1, 0, 0, 1, 0, 0, 0
2022/9/3 10:40:19: 0, 0, 0, 0, 0, 1, 0, 0, 0
2022/9/3 00:24:45: 0, 0, 0, 0, 0, 0, 0, 0, 1
2022/9/3 00:20:40: 0, 1, 0, 0, 0, 0, 0, 0, 1
2022/8/23 22:22:49: 0, 1, 0, 0, 0, 0, 0, 0, 0
2022/7/9 15:54:10: 0, 1, 0, 0, 0, 0, 0, 0, 0
2022/7/1 01:35:23: 1, 0, 0, 0, 0, 0, 0, 0, 0
2022/4/7 20:52:10: 0, 0, 1, 0, 0, 0, 0, 0, 0
2022/3/24 00:00:52: 2, 0, 0, 0, 0, 0, 0, 0, 0
2022/3/23 22:22:29: 2, 0, 0, 0, 0, 0, 2, 0, 0
2022/3/19 11:52:03: 0, 0, 2, 0, 0, 0, 0, 0, 0
2022/3/16 21:20:17: 0, 0, 0, 0, 0, 0, 1, 0, 0
2022/1/22 12:42:42: 1, 0, 0, 0, 0, 0, 0, 0, 1
2021/12/17 23:29:30: 0, 1, 0, 0, 0, 0, 0, 0, 0
2021/12/3 00:41:06: 0, 1, 0, 0, 0, 0, 0, 0, 0
2021/8/30 22:09:10: 0, 1, 0, 0, 0, 0, 0, 0, 0
2020/8/29 13:14:14: 0, 0, 0, 0, 0, 0, 0, 0, 1
2020/8/24 15:24:34: 1, 0, 0, 0, 1, 0, 0, 0, 0
2020/8/19 21:40:32: 1, 0, 0, 0, 0, 0, 0, 0, 0
2020/6/20 10:15:23: 0, 0, 1, 0, 0, 0, 0, 0, 0
2020/6/13 00:17:22: 2, 0, 0, 0, 0, 0, 0, 0, 0
2020/6/12 22:30:34: 1, 0, 0, 0, 0, 0, 0, 0, 0
sum: 11, 6, 5, 0, 1, 2, 3, 0, 5
