graylog2-server
2022/12/19 13:16:41: 0, 0, 0, 0, 0, 0, 0, 0, 1
2022/12/14 11:22:12: 5, 0, 0, 0, 0, 0, 0, 0, 0
2022/12/12 09:14:43: 0, 0, 0, 0, 0, 0, 0, 0, 1
2022/12/5 14:31:14: 1, 0, 0, 0, 0, 0, 0, 0, 0
2022/12/1 11:21:55: 0, 0, 0, 0, 0, 0, 0, 0, 1
2022/12/1 10:21:57: 0, 0, 0, 0, 0, 0, 0, 0, 3
2022/12/1 09:45:22: 2, 0, 0, 0, 0, 0, 0, 0, 0
2022/11/29 16:12:11: 2, 0, 0, 0, 0, 1, 0, 0, 1
2022/11/28 10:22:05: 0, 0, 0, 0, 0, 0, 0, 0, 1
2022/11/25 07:25:31: 1, 0, 0, 0, 0, 1, 0, 0, 0
2022/11/24 12:28:00: 0, 0, 0, 0, 0, 0, 0, 0, 1
2022/11/23 08:51:39: 0, 0, 0, 0, 0, 0, 0, 0, 1
2022/11/22 13:23:51: 0, 0, 0, 0, 0, 0, 0, 0, 2
2022/11/21 14:28:08: 0, 0, 0, 0, 1, 0, 0, 0, 1
2022/11/21 08:38:02: 0, 0, 0, 0, 1, 0, 0, 0, 3
2022/11/18 14:04:58: 11, 0, 0, 0, 0, 0, 0, 0, 0
2022/11/1 16:03:34: 4, 0, 0, 0, 0, 0, 0, 0, 1
2022/11/1 15:58:11: 2, 0, 1, 0, 0, 0, 0, 0, 0
2022/10/28 17:00:59: 2, 0, 0, 0, 0, 0, 0, 0, 0
2022/10/26 16:55:08: 0, 0, 0, 0, 6, 0, 1, 0, 0
2022/10/26 13:03:40: 6, 0, 1, 0, 0, 0, 0, 0, 0
2022/10/26 12:49:15: 0, 0, 0, 0, 2, 0, 1, 0, 0
2022/10/26 10:29:11: 2, 0, 1, 0, 0, 0, 0, 0, 0
2022/10/25 09:34:26: 1, 0, 0, 0, 0, 0, 0, 0, 0
sum: 39, 0, 3, 0, 10, 2, 2, 0, 17
