JustEnoughItems
2022/12/20 22:38:17: 9, 0, 0, 0, 2, 0, 0, 0, 0
2022/9/17 18:01:57: 0, 0, 0, 0, 0, 0, 0, 0, 1
2022/9/18 07:46:25: 0, 0, 3, 0, 0, 0, 0, 0, 0
2022/7/18 21:49:23: 0, 0, 0, 0, 0, 0, 0, 0, 2
2022/6/14 21:12:05: 7, 0, 0, 0, 0, 0, 0, 0, 0
2022/4/3 15:14:43: 2, 0, 0, 0, 0, 0, 0, 0, 2
2022/3/29 13:33:19: 3, 0, 0, 0, 0, 0, 0, 0, 0
2022/3/24 14:18:33: 2, 0, 0, 0, 0, 0, 0, 0, 1
2022/3/21 11:00:42: 5, 0, 0, 0, 0, 0, 0, 0, 0
2022/2/9 12:17:01: 1, 0, 1, 0, 0, 0, 0, 0, 0
sum: 29, 0, 4, 0, 2, 0, 0, 0, 6
