CloudNet-v3
2022/12/16 11:48:22: 0, 0, 0, 0, 0, 0, 0, 0, 2
2022/10/29 17:57:04: 0, 0, 0, 0, 0, 0, 0, 0, 2
2022/10/17 16:00:13: 0, 0, 0, 0, 0, 0, 0, 0, 1
2022/10/16 14:58:45: 0, 0, 0, 0, 0, 0, 0, 0, 1
2022/10/4 11:38:05: 0, 0, 0, 0, 0, 0, 0, 0, 4
2022/10/4 11:17:28: 0, 0, 0, 0, 0, 0, 0, 0, 1
2022/9/3 17:12:45: 0, 0, 0, 0, 0, 0, 0, 0, 1
2022/8/29 19:07:50: 3, 0, 0, 0, 0, 0, 0, 0, 1
2022/8/22 14:16:10: 0, 0, 0, 0, 0, 0, 0, 0, 3
2022/8/7 08:56:59: 1, 0, 0, 0, 0, 0, 0, 0, 0
2022/8/6 15:05:56: 0, 0, 0, 0, 0, 0, 0, 0, 1
2022/8/2 19:51:10: 0, 0, 0, 0, 0, 0, 0, 0, 1
2022/8/1 11:25:19: 0, 0, 0, 0, 0, 0, 0, 0, 1
2022/7/17 14:39:44: 0, 0, 0, 0, 0, 0, 0, 0, 1
2022/7/13 14:32:11: 2, 1, 0, 0, 5, 0, 0, 0, 0
2022/7/6 09:46:08: 3, 0, 0, 0, 4, 0, 0, 0, 1
2022/7/3 13:41:45: 3, 0, 0, 0, 0, 1, 0, 0, 0
2022/6/12 17:11:29: 0, 0, 0, 0, 0, 0, 0, 0, 1
2022/5/21 17:17:25: 0, 0, 0, 0, 0, 0, 0, 0, 1
2022/5/18 07:49:42: 0, 1, 0, 0, 0, 0, 0, 0, 0
2022/5/14 21:49:25: 0, 1, 0, 0, 0, 0, 0, 0, 0
2022/5/10 10:49:12: 0, 0, 0, 0, 0, 0, 0, 0, 3
2022/5/5 18:00:38: 0, 0, 0, 0, 0, 0, 0, 0, 1
2022/5/4 20:10:23: 0, 0, 0, 0, 0, 0, 0, 0, 1
2022/4/23 11:39:51: 0, 0, 0, 0, 0, 0, 0, 0, 1
2022/4/23 11:15:31: 0, 0, 0, 0, 0, 0, 0, 0, 1
2022/4/19 16:38:47: 1, 0, 0, 0, 0, 0, 0, 0, 2
2022/4/17 17:49:44: 0, 0, 0, 0, 0, 0, 0, 0, 1
2022/4/14 12:17:03: 0, 0, 0, 0, 0, 0, 0, 0, 2
2022/4/11 10:05:20: 1, 0, 0, 0, 0, 0, 0, 0, 2
2022/4/11 08:44:46: 0, 0, 0, 0, 0, 0, 0, 0, 1
2022/4/10 17:15:47: 52, 0, 0, 0, 0, 0, 0, 0, 0
2022/4/10 16:26:50: 0, 0, 0, 0, 0, 0, 0, 0, 2
2022/3/29 18:21:29: 1, 0, 0, 0, 0, 0, 0, 0, 0
2022/3/28 21:14:40: 0, 0, 0, 0, 0, 0, 0, 0, 21
2022/3/28 20:44:32: 0, 1, 0, 0, 0, 0, 0, 0, 1
2022/3/28 18:54:51: 0, 0, 0, 0, 0, 0, 0, 0, 2
2022/3/28 18:19:32: 0, 0, 0, 0, 0, 0, 0, 0, 1
2022/3/26 19:54:35: 0, 0, 0, 0, 0, 0, 0, 0, 2
2022/3/26 19:50:38: 0, 0, 0, 0, 0, 0, 0, 0, 3
2022/3/23 21:41:53: 0, 0, 0, 0, 0, 0, 0, 0, 1
2022/3/23 20:05:22: 0, 1, 0, 0, 0, 0, 0, 0, 4
2022/3/22 20:19:52: 0, 3, 0, 0, 0, 0, 0, 0, 0
2022/3/18 19:00:14: 0, 0, 0, 0, 0, 0, 0, 0, 1
2022/3/9 20:16:00: 0, 0, 0, 0, 0, 0, 0, 0, 1
2022/3/7 20:33:47: 0, 0, 0, 0, 0, 0, 0, 0, 1
2022/3/6 19:24:50: 0, 0, 0, 0, 0, 0, 0, 0, 1
2022/3/6 18:08:47: 0, 0, 0, 0, 0, 0, 0, 0, 1
2022/3/6 16:56:21: 0, 0, 0, 0, 0, 0, 0, 0, 2
2022/3/1 10:50:47: 0, 0, 0, 0, 0, 0, 0, 0, 3
2022/2/26 14:08:11: 0, 0, 0, 0, 0, 0, 0, 0, 1
2022/2/19 10:40:35: 1, 0, 0, 0, 1, 0, 0, 0, 0
2022/2/18 15:46:24: 1, 0, 0, 0, 0, 0, 0, 0, 0
2022/2/12 17:32:29: 0, 0, 0, 0, 0, 0, 0, 0, 1
2022/2/5 16:20:06: 0, 0, 0, 0, 0, 0, 0, 0, 1
2022/2/4 17:47:32: 1, 0, 0, 0, 0, 0, 0, 0, 0
2022/2/4 17:14:47: 2, 0, 0, 0, 0, 0, 0, 0, 0
2022/2/2 21:14:25: 0, 0, 0, 0, 0, 0, 0, 0, 2
2022/1/31 14:54:43: 2, 0, 0, 0, 0, 0, 0, 0, 0
2022/1/31 11:59:24: 0, 0, 0, 0, 0, 0, 0, 0, 1
2022/1/28 18:37:39: 1, 0, 0, 0, 0, 0, 0, 0, 0
2022/1/28 16:52:01: 0, 0, 0, 0, 0, 0, 0, 0, 1
2022/1/25 14:51:02: 0, 0, 0, 0, 0, 0, 0, 0, 2
2022/1/24 11:35:08: 0, 0, 0, 0, 0, 0, 0, 0, 1
2022/1/21 21:47:19: 0, 0, 0, 0, 0, 0, 0, 0, 1
2022/1/19 12:47:16: 0, 0, 1, 0, 0, 0, 0, 0, 0
2022/1/17 14:26:18: 0, 0, 0, 0, 0, 0, 0, 0, 1
2022/1/15 13:16:42: 0, 0, 0, 0, 0, 0, 0, 0, 3
2022/1/15 13:07:31: 0, 0, 0, 0, 0, 0, 0, 0, 2
2022/1/15 12:49:19: 1, 1, 0, 0, 0, 1, 0, 0, 3
2022/1/7 16:20:44: 0, 0, 0, 0, 0, 0, 0, 0, 1
2022/1/6 16:47:44: 0, 0, 0, 0, 0, 0, 0, 0, 2
2022/1/6 00:53:46: 0, 1, 0, 0, 0, 0, 0, 0, 3
2022/1/5 23:58:35: 0, 0, 0, 0, 0, 0, 0, 0, 2
2022/1/5 15:36:22: 0, 0, 0, 0, 0, 0, 0, 0, 1
2022/1/2 12:15:50: 76, 0, 0, 0, 0, 0, 0, 0, 0
2022/1/1 17:53:13: 1, 0, 0, 0, 0, 0, 0, 0, 0
2021/12/31 17:37:41: 3, 0, 0, 0, 0, 0, 0, 0, 0
2021/12/30 15:19:47: 6, 0, 0, 0, 0, 0, 0, 0, 0
2021/12/28 20:20:53: 0, 0, 0, 0, 0, 0, 0, 0, 1
2021/12/28 20:19:40: 0, 0, 0, 0, 0, 0, 0, 0, 1
2021/12/27 17:11:01: 0, 0, 0, 0, 0, 0, 0, 0, 1
2021/12/26 10:33:31: 0, 0, 0, 0, 0, 0, 0, 0, 13
2021/12/19 15:51:14: 0, 0, 0, 0, 0, 0, 0, 0, 1
2021/12/19 12:02:20: 0, 3, 0, 0, 0, 0, 0, 0, 0
2021/12/15 09:18:34: 2, 68, 1, 0, 0, 0, 0, 0, 3
2021/12/14 15:34:49: 0, 3, 0, 0, 0, 0, 0, 0, 0
sum: 164, 84, 2, 0, 10, 2, 0, 0, 134
