sonar-java
2022/10/24 16:08:42: 0, 0, 1, 0, 0, 0, 0, 0, 0
2022/10/19 16:20:53: 0, 0, 1, 0, 0, 0, 0, 0, 0
2022/10/13 12:07:38: 1, 0, 0, 0, 0, 0, 0, 0, 0
2022/3/17 18:20:47: 8, 0, 0, 0, 2, 0, 0, 0, 0
2022/3/17 10:01:31: 1, 0, 0, 0, 0, 0, 0, 0, 0
2022/1/27 17:18:13: 0, 0, 0, 1, 0, 0, 0, 0, 0
2022/1/26 17:07:46: 0, 0, 1, 0, 0, 0, 0, 0, 0
2021/8/26 09:24:31: 1, 0, 0, 0, 1, 0, 0, 0, 0
2021/7/19 18:28:06: 2, 0, 0, 0, 0, 0, 0, 0, 0
2021/7/14 18:53:04: 0, 0, 1, 0, 0, 0, 0, 0, 0
2021/7/14 17:53:39: 0, 0, 1, 0, 0, 0, 0, 0, 0
2021/7/14 16:43:11: 0, 0, 1, 0, 0, 0, 0, 0, 0
2021/7/14 12:38:50: 0, 0, 1, 0, 0, 0, 0, 0, 0
2021/7/13 10:28:40: 4, 0, 0, 0, 0, 0, 0, 0, 0
2021/7/12 19:21:24: 0, 0, 2, 0, 0, 0, 0, 0, 0
2021/7/12 19:07:12: 0, 0, 1, 0, 0, 0, 0, 0, 0
2021/7/12 17:28:37: 0, 0, 1, 0, 0, 0, 0, 0, 0
2021/7/12 11:07:06: 1, 0, 0, 0, 0, 0, 0, 0, 0
2021/7/12 10:49:49: 0, 0, 1, 0, 0, 0, 0, 0, 0
2021/7/12 10:37:27: 2, 0, 0, 0, 0, 0, 0, 0, 0
2021/7/13 12:09:32: 13, 0, 0, 0, 0, 0, 0, 0, 0
2021/7/12 09:17:47: 2, 0, 0, 0, 0, 0, 0, 0, 0
2021/7/8 14:32:36: 5, 0, 0, 0, 0, 0, 0, 0, 0
2021/7/7 14:48:18: 1, 0, 0, 0, 0, 0, 0, 0, 0
2021/7/7 10:28:46: 18, 0, 0, 0, 0, 0, 0, 0, 0
2021/7/7 08:11:29: 0, 0, 3, 0, 0, 0, 0, 0, 0
2021/7/6 11:18:50: 4, 0, 0, 0, 0, 0, 0, 0, 0
2021/7/5 17:49:29: 9, 0, 0, 0, 0, 0, 0, 0, 0
2021/7/5 10:08:05: 3, 0, 0, 0, 0, 0, 0, 0, 0
2021/6/25 11:32:20: 1, 0, 0, 0, 0, 0, 0, 0, 0
2021/6/25 10:13:53: 2, 0, 0, 0, 0, 0, 0, 0, 0
2021/6/24 13:12:39: 2, 0, 0, 0, 0, 0, 0, 0, 0
2021/1/12 13:51:26: 1, 0, 0, 0, 0, 0, 0, 0, 0
2021/1/12 13:29:16: 1, 0, 0, 0, 0, 0, 0, 0, 0
2021/1/12 16:51:02: 1, 0, 0, 0, 0, 0, 0, 0, 0
2021/1/13 11:48:03: 0, 0, 1, 0, 0, 0, 0, 0, 0
sum: 83, 0, 16, 1, 3, 0, 0, 0, 0
