cas
2022/12/14 18:15:16: 0, 0, 0, 0, 0, 0, 0, 0, 3
2022/12/5 12:56:43: 2, 0, 0, 0, 1, 0, 0, 0, 0
2022/11/28 10:43:08: 0, 0, 0, 0, 0, 0, 0, 0, 1
2022/11/25 18:05:11: 0, 0, 0, 0, 0, 0, 0, 0, 3
2022/11/18 17:02:30: 1, 0, 0, 0, 0, 5, 0, 0, 2
2022/10/17 23:20:54: 0, 0, 0, 0, 0, 0, 0, 0, 3
2022/10/1 13:16:30: 0, 0, 0, 0, 0, 1, 0, 0, 1
2022/9/30 13:22:48: 0, 0, 0, 0, 0, 2, 0, 0, 1
2022/9/18 23:35:15: 1, 0, 0, 0, 1, 1, 0, 0, 2
2022/9/17 09:32:45: 0, 87, 0, 0, 0, 0, 0, 0, 0
sum: 4, 87, 0, 0, 2, 9, 0, 0, 16