TechReborn
2022/12/7 16:28:29: 1, 0, 0, 0, 0, 0, 0, 0, 1
2022/8/23 14:04:25: 0, 0, 0, 0, 0, 0, 0, 0, 1
2022/6/27 22:48:24: 1, 0, 0, 0, 0, 0, 0, 0, 0
2022/6/24 00:12:30: 1, 0, 0, 0, 0, 0, 0, 0, 0
2022/5/21 19:16:54: 0, 0, 0, 0, 1, 0, 0, 0, 0
2022/5/21 19:00:33: 0, 0, 0, 0, 0, 0, 0, 0, 1
2022/5/19 21:45:31: 5, 0, 0, 0, 0, 0, 0, 0, 0
2022/5/6 02:31:45: 0, 0, 0, 0, 0, 0, 0, 0, 1
2022/3/2 01:06:05: 1, 0, 0, 0, 0, 0, 0, 0, 0
2022/2/3 11:20:37: 0, 0, 0, 0, 0, 0, 0, 0, 1
2022/1/28 20:14:35: 1, 0, 0, 0, 0, 0, 0, 0, 0
2022/1/27 20:34:26: 0, 0, 0, 0, 0, 0, 0, 0, 1
2022/1/20 19:55:40: 0, 0, 0, 0, 0, 0, 0, 0, 1
2022/1/17 22:34:47: 0, 0, 0, 0, 0, 0, 0, 0, 1
2021/10/22 09:11:45: 0, 1, 0, 0, 0, 0, 0, 0, 0
2021/5/29 20:32:05: 0, 11, 0, 0, 0, 0, 0, 0, 0
2021/5/29 20:05:13: 0, 0, 1, 0, 0, 0, 0, 0, 0
sum: 10, 12, 1, 0, 1, 0, 0, 0, 8
