Configurate
2022/3/3 13:27:01: 0, 0, 0, 2, 0, 0, 0, 2, 0
2021/5/2 13:11:40: 0, 0, 0, 2, 0, 0, 0, 2, 0
2021/3/16 16:06:08: 5, 0, 0, 0, 0, 0, 0, 0, 0
2021/2/12 20:59:38: 0, 0, 0, 2, 0, 0, 0, 2, 0
2021/2/12 20:53:18: 0, 0, 0, 2, 0, 0, 0, 2, 0
2021/2/12 20:26:41: 0, 0, 0, 2, 0, 0, 0, 1, 0
2021/1/8 10:44:23: 4, 0, 0, 0, 0, 0, 0, 0, 0
2020/10/31 22:30:10: 0, 0, 0, 1, 0, 0, 1, 0, 0
2020/10/13 12:17:00: 0, 0, 0, 0, 0, 0, 0, 0, 4
2020/10/3 09:10:02: 0, 0, 2, 0, 0, 0, 0, 0, 0
2020/10/1 23:12:08: 2, 0, 0, 0, 0, 0, 0, 0, 0
sum: 11, 0, 2, 11, 0, 0, 1, 9, 4
