MCreator
2022/11/26 19:15:27: 1, 0, 0, 0, 0, 0, 0, 0, 0
2022/10/2 20:07:58: 0, 0, 0, 0, 0, 0, 0, 0, 1
2022/5/3 20:36:22: 0, 0, 0, 0, 0, 0, 0, 0, 1
2022/4/5 20:27:59: 3, 0, 0, 0, 0, 0, 0, 0, 0
2022/3/30 14:12:19: 0, 0, 0, 0, 0, 0, 0, 0, 1
2022/1/30 12:40:44: 1, 9, 0, 0, 0, 0, 0, 0, 0
2022/1/26 21:02:29: 0, 0, 0, 0, 0, 0, 0, 0, 2
2022/1/25 19:38:06: 0, 0, 0, 0, 0, 0, 0, 0, 1
2022/1/11 11:33:18: 0, 3, 0, 0, 0, 0, 0, 0, 0
2021/11/24 09:53:45: 0, 2, 0, 0, 0, 0, 0, 0, 0
2021/11/16 18:24:19: 1, 0, 0, 0, 0, 0, 0, 0, 1
2021/10/16 10:54:04: 0, 0, 0, 0, 0, 0, 0, 0, 1
2021/9/1 04:44:11: 0, 7, 0, 0, 0, 0, 0, 0, 0
sum: 6, 21, 0, 0, 0, 0, 0, 0, 8
