geckolib
2022/12/5 15:17:41: 0, 0, 1, 0, 0, 0, 0, 0, 0
2022/12/5 21:40:55: 0, 0, 2, 0, 0, 0, 0, 0, 3
2022/12/4 17:41:46: 33, 0, 0, 0, 0, 0, 0, 0, 0
2022/11/19 17:15:00: 33, 0, 0, 0, 4, 0, 0, 0, 1
2022/11/19 01:21:37: 1, 0, 0, 0, 0, 0, 0, 0, 0
2022/11/18 18:26:35: 0, 0, 0, 0, 0, 0, 0, 0, 1
2022/11/15 21:50:41: 0, 0, 0, 0, 0, 0, 0, 0, 2
2022/11/13 17:04:42: 0, 0, 0, 0, 0, 1, 0, 0, 2
2022/11/10 20:50:03: 42, 0, 0, 0, 0, 0, 0, 0, 0
2022/11/10 20:49:36: 0, 0, 0, 0, 12, 0, 0, 0, 0
2022/10/31 15:33:22: 2, 2, 0, 0, 0, 0, 0, 0, 0
2022/10/31 14:15:00: 1, 1, 0, 0, 0, 0, 0, 0, 0
2022/10/25 08:58:56: 0, 4, 0, 0, 0, 0, 0, 0, 0
sum: 112, 7, 3, 0, 16, 1, 0, 0, 9
