pdfsam
2022/10/13 17:54:11: 0, 0, 0, 0, 0, 0, 0, 0, 1
2022/10/11 20:40:43: 0, 2, 0, 0, 1, 0, 0, 0, 2
2022/10/7 18:43:08: 4, 0, 0, 0, 0, 1, 0, 0, 2
2022/10/2 18:21:37: 2, 0, 0, 0, 0, 0, 0, 0, 0
2022/9/30 18:16:33: 12, 0, 0, 0, 0, 0, 0, 0, 0
2022/9/25 18:11:39: 4, 1, 0, 0, 0, 0, 1, 0, 2
2022/9/19 16:03:31: 1, 0, 0, 0, 0, 0, 0, 0, 0
2022/9/15 17:16:55: 21, 0, 0, 0, 0, 0, 0, 0, 0
2022/9/14 15:46:49: 1, 0, 0, 0, 0, 0, 0, 0, 0
2022/9/13 21:01:19: 1, 0, 0, 0, 0, 0, 0, 0, 0
sum: 46, 3, 0, 0, 1, 1, 1, 0, 7
