checkstyle
2022/11/28 22:07:09: 2, 0, 0, 0, 0, 0, 0, 0, 0
2022/4/4 13:15:20: 5, 0, 0, 0, 0, 0, 0, 0, 0
2022/5/1 23:02:37: 0, 0, 0, 0, 0, 0, 0, 0, 1
2022/2/20 16:13:03: 11, 0, 0, 0, 0, 0, 0, 0, 0
2022/3/3 15:07:05: 0, 0, 0, 2, 0, 0, 0, 2, 0
2021/12/21 23:17:52: 0, 0, 0, 0, 0, 0, 0, 0, 1
2021/12/21 22:34:07: 1, 0, 0, 0, 0, 0, 0, 0, 0
2022/1/6 19:22:04: 0, 0, 1, 0, 0, 0, 0, 0, 0
2022/1/5 20:33:05: 0, 0, 2, 0, 0, 0, 0, 0, 0
2021/12/9 01:17:40: 0, 0, 0, 0, 0, 0, 0, 0, 1
2021/11/17 21:51:24: 8, 0, 0, 0, 0, 0, 0, 0, 0
2021/11/25 20:58:56: 8, 0, 0, 0, 0, 0, 0, 0, 0
2021/9/26 17:57:52: 0, 0, 0, 1, 0, 0, 0, 1, 0
2021/8/27 19:20:22: 0, 0, 0, 2, 0, 0, 0, 2, 0
2021/8/23 14:09:22: 0, 0, 0, 1, 0, 0, 0, 1, 0
2021/8/23 01:33:34: 0, 0, 0, 1, 0, 0, 0, 1, 0
2021/8/22 14:48:30: 0, 0, 0, 1, 0, 0, 0, 1, 0
2021/8/22 12:25:56: 0, 0, 0, 1, 0, 0, 0, 1, 0
2021/8/22 11:50:51: 0, 0, 0, 6, 0, 0, 0, 6, 0
2021/8/21 17:26:56: 0, 0, 0, 3, 0, 0, 0, 3, 0
2021/8/21 00:49:59: 0, 0, 0, 2, 0, 0, 0, 2, 0
2021/8/19 11:38:58: 6, 0, 0, 0, 0, 0, 0, 0, 0
2021/8/12 09:09:19: 1, 0, 0, 0, 0, 0, 0, 0, 0
2021/8/10 16:26:50: 0, 0, 0, 2, 0, 0, 0, 2, 0
2021/7/25 09:16:55: 1, 0, 0, 0, 0, 0, 0, 0, 0
2021/8/5 09:43:38: 0, 0, 0, 1, 0, 0, 0, 1, 0
2021/8/4 16:10:55: 0, 0, 0, 6, 0, 0, 0, 6, 0
2021/7/28 02:37:07: 0, 0, 0, 1, 0, 0, 0, 1, 0
2021/7/28 02:22:04: 0, 0, 0, 1, 0, 0, 0, 1, 0
2021/7/14 16:09:09: 0, 0, 0, 1, 0, 0, 0, 1, 0
2021/7/14 15:15:19: 0, 0, 0, 1, 0, 0, 0, 1, 0
2021/6/23 17:00:42: 0, 0, 0, 1, 0, 0, 0, 1, 0
2021/6/27 18:44:21: 0, 0, 0, 1, 0, 0, 0, 1, 0
2021/5/9 21:57:58: 1, 0, 0, 0, 0, 0, 0, 0, 0
2021/3/27 23:01:53: 0, 0, 0, 1, 0, 0, 0, 1, 0
2021/4/15 12:01:09: 5, 0, 0, 0, 0, 0, 0, 0, 0
2021/4/15 16:56:53: 3, 0, 0, 0, 0, 0, 0, 0, 0
2021/3/4 21:56:05: 0, 0, 1, 0, 0, 0, 0, 0, 0
2021/4/7 11:20:25: 5, 0, 0, 0, 0, 0, 0, 0, 0
2021/2/12 12:29:41: 6, 0, 0, 0, 0, 0, 0, 0, 0
2020/11/2 11:53:39: 10, 0, 0, 0, 0, 0, 0, 0, 0
2020/11/8 21:17:44: 1, 0, 0, 0, 0, 0, 0, 0, 0
2020/10/21 13:50:16: 2, 0, 0, 0, 0, 0, 0, 0, 0
2020/9/29 13:44:35: 6, 0, 0, 0, 0, 0, 0, 0, 0
2020/9/20 11:43:28: 11, 0, 0, 0, 0, 0, 0, 0, 0
2020/9/8 02:20:28: 1, 0, 0, 0, 0, 0, 0, 0, 0
2020/9/8 01:38:17: 1, 0, 0, 0, 0, 0, 0, 0, 0
2020/9/8 01:06:52: 6, 0, 0, 0, 0, 0, 0, 0, 0
2020/8/27 01:07:16: 8, 0, 0, 0, 0, 0, 0, 0, 0
2020/8/25 11:23:38: 82, 0, 0, 0, 0, 0, 0, 0, 0
2020/8/21 15:58:15: 2, 0, 0, 0, 0, 0, 0, 0, 0
2020/8/20 17:36:19: 26, 0, 0, 0, 0, 0, 0, 0, 1
2020/8/20 17:35:54: 6, 0, 0, 0, 0, 0, 0, 0, 0
2020/8/20 20:17:35: 10, 0, 0, 0, 0, 0, 0, 0, 0
2020/8/20 21:07:56: 9, 0, 0, 0, 0, 0, 0, 0, 0
2020/8/20 09:02:17: 5, 0, 0, 0, 0, 0, 0, 0, 0
2020/8/21 14:18:05: 1, 0, 0, 0, 0, 0, 0, 0, 0
2020/8/21 13:50:19: 4, 0, 0, 0, 0, 0, 0, 0, 0
2020/8/21 09:15:55: 6, 0, 0, 0, 0, 0, 0, 0, 0
2020/8/21 07:59:21: 4, 0, 0, 0, 0, 0, 0, 0, 0
2020/8/20 17:00:41: 3, 0, 0, 0, 0, 0, 0, 0, 0
2020/8/20 16:31:53: 4, 0, 0, 0, 0, 0, 0, 0, 0
2020/8/20 00:56:53: 3, 0, 0, 0, 0, 0, 0, 0, 0
2020/8/19 22:47:06: 5, 0, 0, 0, 0, 0, 0, 0, 0
2020/8/19 14:12:26: 4, 0, 0, 0, 0, 0, 0, 0, 0
2020/8/20 11:39:33: 4, 0, 0, 0, 0, 0, 0, 0, 0
2020/8/20 10:24:17: 5, 0, 0, 0, 0, 0, 0, 0, 0
2020/8/20 09:46:31: 6, 0, 0, 0, 0, 0, 0, 0, 0
2020/8/21 14:57:52: 6, 0, 0, 0, 0, 0, 0, 0, 0
2020/8/19 13:50:17: 5, 0, 0, 0, 0, 0, 0, 0, 0
2020/8/19 11:59:59: 4, 0, 0, 0, 0, 0, 0, 0, 0
2020/8/19 10:20:26: 5, 0, 0, 0, 0, 0, 0, 0, 0
2020/8/19 09:04:38: 3, 0, 0, 0, 0, 0, 0, 0, 0
2020/8/15 14:56:01: 10, 0, 0, 0, 0, 0, 0, 0, 0
2020/8/11 09:29:36: 17, 0, 0, 0, 0, 0, 0, 0, 0
2020/7/28 21:38:13: 10, 0, 0, 0, 0, 0, 0, 0, 0
2020/8/7 14:15:33: 8, 0, 0, 0, 0, 0, 0, 0, 0
2020/8/7 13:19:22: 6, 0, 0, 0, 0, 0, 0, 0, 0
2020/8/3 19:50:04: 5, 0, 0, 0, 0, 0, 0, 0, 0
2020/8/7 19:42:18: 5, 0, 0, 0, 0, 0, 0, 0, 0
2020/8/7 19:09:27: 5, 0, 0, 0, 0, 0, 0, 0, 0
2020/8/3 16:46:06: 6, 0, 0, 0, 0, 0, 0, 0, 0
2020/8/3 17:43:10: 8, 0, 0, 0, 0, 0, 0, 0, 0
2020/8/1 12:23:29: 1, 0, 0, 0, 0, 0, 0, 0, 0
2020/8/5 22:31:42: 2, 0, 0, 0, 0, 0, 0, 0, 0
2020/8/5 22:31:08: 0, 0, 1, 0, 0, 0, 1, 0, 0
2020/8/3 13:56:13: 11, 0, 0, 0, 0, 0, 0, 0, 0
2020/8/1 13:23:46: 3, 0, 0, 0, 0, 0, 0, 0, 0
2020/7/27 12:55:36: 4, 0, 0, 0, 0, 0, 0, 0, 0
2020/7/31 08:12:15: 1, 0, 0, 0, 0, 0, 0, 0, 0
2020/7/29 18:10:27: 3, 0, 0, 0, 0, 0, 0, 0, 0
2020/7/27 18:51:27: 5, 0, 0, 0, 0, 0, 0, 0, 0
2020/7/28 09:12:12: 3, 0, 0, 0, 0, 0, 0, 0, 0
2020/7/27 09:53:47: 3, 0, 0, 0, 0, 0, 0, 0, 0
2020/7/29 19:20:36: 3, 0, 0, 0, 0, 0, 0, 0, 0
2020/7/30 11:24:44: 2, 0, 0, 0, 0, 0, 0, 0, 0
2020/7/28 14:16:21: 4, 0, 0, 0, 0, 0, 0, 0, 0
2020/7/28 11:13:47: 24, 0, 0, 0, 0, 0, 0, 0, 0
2020/7/27 14:09:12: 0, 0, 0, 1, 0, 0, 0, 1, 0
2020/7/27 09:09:36: 1, 0, 0, 0, 0, 0, 0, 0, 0
2020/7/9 07:47:12: 1, 0, 0, 0, 0, 0, 0, 0, 0
2020/7/8 10:56:12: 0, 0, 13, 1, 0, 0, 0, 0, 1
2020/6/1 08:49:37: 10, 0, 0, 0, 0, 0, 0, 0, 0
sum: 482, 0, 18, 38, 0, 0, 1, 37, 5
