CodeKatas
2022/11/10 16:01:41: 0, 0, 0, 0, 0, 0, 0, 0, 2
2022/10/4 13:12:05: 0, 0, 0, 0, 0, 0, 0, 0, 1
2022/9/28 21:21:58: 1, 0, 0, 0, 0, 0, 0, 0, 0
2022/9/25 14:57:22: 0, 0, 0, 0, 0, 0, 0, 0, 1
2022/1/7 12:14:22: 0, 0, 0, 0, 0, 0, 0, 0, 2
2022/1/6 23:28:36: 0, 2, 0, 0, 0, 0, 0, 0, 0
2021/3/9 22:44:41: 1, 0, 0, 0, 0, 0, 0, 0, 0
2020/9/3 00:54:47: 4, 0, 0, 0, 0, 0, 0, 0, 0
2020/9/2 23:59:38: 0, 4, 0, 0, 4, 0, 0, 0, 0
2020/8/6 23:34:46: 0, 0, 0, 0, 0, 0, 0, 0, 2
2020/6/2 22:27:10: 0, 4, 0, 0, 0, 0, 0, 0, 0
2020/4/6 12:36:23: 0, 1, 0, 0, 0, 0, 0, 0, 0
sum: 6, 11, 0, 0, 4, 0, 0, 0, 8
